# Created by Octave 4.2.1, Sat Jan 27 19:27:31 2018 EST <noam@Noams-MacBook-Pro.local>
# name: v
# type: matrix
# rows: 1
# columns: 10
 6.1101 5.5277 8.518599999999999 7.0032 5.8598 8.382899999999999 7.4764 8.578099999999999 6.4862 5.0546


